  2.200000    7.851205E-01    1.645002E-03    2.123051E-03    5.111571E+01    8.363760E-01
  2.212500    7.641555E-01    4.477293E-03    3.681064E-03    1.942489E+02    8.740151E-01
  2.225000    7.439380E-01    3.117780E-03    1.847098E-03    1.213177E+02    7.250740E-01
  2.237500    7.112297E-01    7.284732E-03    3.340780E-03    2.892715E+02    8.188362E-01
  2.250000    6.748415E-01    1.289913E-02    4.995831E-03    5.438229E+02    8.689725E-01
  2.250000    6.771535E-01    1.070039E-02    3.559612E-03    4.350268E+02    8.130935E-01
  2.251429    6.675574E-01    1.213719E-02    3.899891E-03    4.632710E+02    8.224656E-01
  2.252857    6.578605E-01    1.424256E-02    4.673748E-03    5.782063E+02    8.525522E-01
  2.254286    6.639676E-01    1.118497E-02    3.584487E-03    4.205212E+02    8.078849E-01
  2.255714    6.632480E-01    1.120140E-02    3.620909E-03    4.294276E+02    8.111168E-01
  2.257143    6.468277E-01    1.486193E-02    4.586030E-03    5.296402E+02    8.411791E-01
  2.258571    6.406892E-01    1.558012E-02    4.820260E-03    5.608435E+02    8.486782E-01
  2.260000    6.303183E-01    1.712037E-02    5.263150E-03    6.127327E+02    8.596950E-01
  2.261429    6.375796E-01    1.442021E-02    4.417412E-03    5.042737E+02    8.345121E-01
  2.262857    6.045245E-01    2.258378E-02    6.731093E-03    7.717400E+02    8.852869E-01
  2.264286    6.028070E-01    2.323768E-02    6.905805E-03    7.906126E+02    8.877177E-01
  2.265714    6.014851E-01    2.314314E-02    6.704147E-03    7.454716E+02    8.817228E-01
  2.267143    5.956867E-01    2.157002E-02    6.224628E-03    6.857598E+02    8.727346E-01
  2.268571    5.723825E-01    2.714504E-02    7.703381E-03    8.454310E+02    8.942281E-01
  2.270000    5.788422E-01    2.638352E-02    7.620236E-03    8.514965E+02    8.949024E-01
  2.271429    5.725380E-01    2.282889E-02    6.485819E-03    7.047528E+02    8.757382E-01
  2.272857    5.655021E-01    2.848434E-02    7.968537E-03    8.630845E+02    8.961669E-01
  2.274286    5.443825E-01    3.019601E-02    8.339625E-03    8.934165E+02    8.993373E-01
  2.275714    5.216573E-01    3.542073E-02    9.443675E-03    9.812990E+02    9.075186E-01
  2.277143    5.316196E-01    3.032440E-02    8.245768E-03    8.683962E+02    8.967365E-01
  2.278571    5.176063E-01    3.394912E-02    9.063899E-03    9.412008E+02    9.039570E-01
  2.280000    4.942803E-01    3.831864E-02    1.004777E-02    1.029169E+03    9.114393E-01
  2.281429    4.861369E-01    3.698175E-02    9.530397E-03    9.559919E+02    9.053023E-01
  2.282857    4.876735E-01    3.710583E-02    9.730585E-03    9.951910E+02    9.086917E-01
  2.284286    4.905916E-01    3.387469E-02    8.853750E-03    8.978490E+02    8.997844E-01
  2.285714    4.965231E-01    3.217542E-02    8.342292E-03    8.359446E+02    8.931561E-01
  2.287143    4.636588E-01    3.591132E-02    9.177475E-03    9.106717E+02    9.010559E-01
  2.288571    4.575055E-01    3.545664E-02    9.058160E-03    8.978560E+02    8.997851E-01
  2.290000    4.400810E-01    3.631406E-02    9.106004E-03    8.852782E+02    8.985058E-01
  2.291429    4.104937E-01    4.177481E-02    1.035632E-02    1.001613E+03    9.092240E-01
  2.292857    4.080767E-01    3.952314E-02    9.900326E-03    9.657984E+02    9.061736E-01
  2.294286    4.187451E-01    3.808486E-02    9.426427E-03    9.056563E+02    9.005625E-01
  2.295714    4.072989E-01    3.774857E-02    9.205328E-03    8.694710E+02    8.968510E-01
  2.297143    3.911581E-01    3.711735E-02    9.042705E-03    8.523598E+02    8.949977E-01
  2.298571    3.866032E-01    3.737500E-02    9.020621E-03    8.417675E+02    8.938167E-01
  2.300000    3.781376E-01    3.595176E-02    8.698654E-03    8.120726E+02    8.903596E-01
  2.301429    3.812114E-01    3.507494E-02    8.324240E-03    7.591931E+02    8.836117E-01
  2.302857    3.541412E-01    3.558715E-02    8.468652E-03    7.754585E+02    8.857741E-01
  2.304286    3.709924E-01    3.515755E-02    8.326533E-03    7.577366E+02    8.834141E-01
  2.305714    3.604788E-01    3.544343E-02    8.417302E-03    7.687853E+02    8.848968E-01
  2.307143    3.376445E-01    3.614483E-02    8.516231E-03    7.718804E+02    8.853054E-01
  2.308571    3.325558E-01    3.363045E-02    7.780162E-03    6.872327E+02    8.729728E-01
  2.310000    3.340672E-01    3.307084E-02    7.601099E-03    6.655952E+02    8.693827E-01
  2.311429    3.130525E-01    3.242267E-02    7.491236E-03    6.589542E+02    8.682397E-01
  2.312857    3.038776E-01    3.182706E-02    7.293066E-03    6.345163E+02    8.638560E-01
  2.314286    3.084868E-01    3.196047E-02    7.360774E-03    6.443743E+02    8.656590E-01
  2.315714    2.908434E-01    3.155677E-02    7.201126E-03    6.230823E+02    8.617032E-01
  2.317143    2.933752E-01    3.220737E-02    7.400063E-03    6.464268E+02    8.660284E-01
  2.318571    2.994033E-01    2.999765E-02    6.730764E-03    5.685879E+02    8.504310E-01
  2.320000    2.806451E-01    2.960000E-02    6.618739E-03    5.562038E+02    8.476083E-01
  2.320000    2.790783E-01    2.956598E-02    7.685803E-03    5.628867E+02    8.728459E-01
  2.330000    2.472869E-01    2.685045E-02    8.112709E-03    4.820086E+02    8.827857E-01
  2.340000    2.055292E-01    1.980658E-02    7.278171E-03    3.297122E+02    8.775659E-01
  2.350000    1.786623E-01    1.670643E-02    8.111838E-03    2.570232E+02    9.017624E-01
  2.360000    1.628409E-01    1.145718E-02    9.762550E-03    1.653643E+02    9.429758E-01
