  4.000000    2.074120E-02    2.361546E-04    3.061661E-04    1.125840E+00    5.295976E-01
  3.900000    2.111137E-02    2.503810E-04    3.235481E-04    1.212522E+00    5.480271E-01
  3.800000    2.178417E-02    2.777644E-04    3.619308E-04    1.431677E+00    5.887612E-01
  3.700000    2.262615E-02    2.853102E-04    3.721346E-04    1.488121E+00    5.980903E-01
  3.600000    2.424564E-02    3.223673E-04    4.132287E-04    1.669650E+00    6.254191E-01
  3.500000    2.458210E-02    3.549571E-04    4.746367E-04    2.099600E+00    6.773778E-01
  3.400000    2.540386E-02    3.881146E-04    5.078950E-04    2.222374E+00    6.896698E-01
  3.300000    2.761021E-02    4.481682E-04    6.072860E-04    2.870586E+00    7.416412E-01
  3.200000    2.919868E-02    4.981573E-04    6.827571E-04    3.332886E+00    7.692069E-01
  3.100000    3.115448E-02    5.689821E-04    8.000466E-04    4.107781E+00    8.042203E-01
  3.000000    3.433697E-02    6.405759E-04    9.007291E-04    4.687735E+00    8.241831E-01
  2.900000    3.896954E-02    8.409190E-04    1.190282E-03    6.400896E+00    8.648812E-01
  2.800000    4.161556E-02    9.457540E-04    1.373061E-03    7.665097E+00    8.845945E-01
  2.700000    5.108845E-02    1.460975E-03    2.198575E-03    1.305188E+01    9.288351E-01
  2.600000    6.454247E-02    2.266044E-03    3.484312E-03    2.144450E+01    9.554456E-01
  2.500000    7.904247E-02    3.387216E-03    5.525965E-03    3.642610E+01    9.732807E-01
  2.400000    1.466080E-01    9.817011E-03    1.711591E-02    1.217307E+02    9.918521E-01
  2.320000    2.883464E-01    3.644702E-02    7.275909E-02    5.944391E+02    9.983206E-01
  2.310000    2.980581E-01    2.996514E-02    4.829155E-02    3.182762E+02    9.968679E-01
  2.300000    5.225977E-01    1.465699E-02    3.051954E-02    2.597982E+02    9.961656E-01
  2.290000    3.591887E-01    3.653878E-02    7.092124E-02    5.633435E+02    9.982280E-01
  2.280000    6.285694E-01    5.418774E-03    1.172874E-02    1.034828E+02    9.904290E-01
  2.270000    4.140438E-01    7.357131E-02    1.423676E-01    1.127928E+03    9.991142E-01
  2.260000    6.675999E-01    6.190630E-03    1.240005E-02    1.012354E+02    9.902187E-01
  2.240000    7.355812E-01    2.246535E-03    5.156880E-03    4.798649E+01    9.795862E-01
  2.140000    8.439119E-01    4.784295E-04    1.335084E-03    1.476017E+01    9.365489E-01
  2.040000    8.977453E-01    1.643972E-04    5.118884E-04    6.028543E+00    8.577230E-01
  1.940000    9.292260E-01    6.970868E-05    2.470335E-04    3.085791E+00    7.552493E-01
  1.840000    9.500555E-01    4.095554E-05    1.842496E-04    2.895160E+00    7.432711E-01
  1.740000    9.650762E-01    2.272220E-05    1.216100E-04    2.165925E+00    6.841365E-01
  1.640000    9.761726E-01    1.300151E-05    7.753881E-05    1.394106E+00    5.823075E-01
  1.540000    9.839017E-01    8.107382E-06    5.214160E-05    8.735611E-01    4.662571E-01
  1.440000    9.896377E-01    4.560338E-06    4.562852E-05    1.369974E+00    5.780545E-01
  1.340000    9.935712E-01    2.656694E-06    2.611242E-05    5.512660E-01    3.553652E-01
  1.240000    9.962309E-01    1.409413E-06    2.214859E-05    9.256541E-01    4.806959E-01
  1.140000    9.979673E-01    7.542323E-07    2.203009E-05    2.135649E+00    6.810867E-01
  1.040000    9.990004E-01    3.475816E-07    1.375564E-05    1.729794E+00    6.336721E-01
  0.940000    9.995755E-01    1.403615E-07    2.240768E-05    1.415231E+01    9.340035E-01
  0.840000    9.998421E-01    5.111660E-08             NaN   -5.250502E-01   -1.105486E+00
  0.740000    9.999606E-01    1.241606E-08    1.832026E-06    6.072341E-01    3.778131E-01
  0.640000    9.999911E-01    2.878196E-09    9.322839E-07    7.369041E-01    4.242630E-01
  0.540000    9.999995E-01    1.428480E-10    1.560486E-07    1.982417E-01    1.654439E-01
  0.440000    1.000000E+00    0.000000E+00             NaN             NaN             NaN
  0.340000    1.000000E+00    0.000000E+00             NaN             NaN             NaN
  0.240000    1.000000E+00    0.000000E+00             NaN             NaN             NaN
  0.140000    1.000000E+00    0.000000E+00             NaN             NaN             NaN
  0.040000    1.000000E+00    0.000000E+00             NaN             NaN             NaN
 -0.060000    0.000000E+00    0.000000E+00             NaN             NaN             NaN
