  4.000000    2.087467E-02    2.411608E-04    3.062540E-04    1.093004E+00    5.222178E-01
  3.900000    2.155064E-02    2.602668E-04    3.292406E-04    1.205957E+00    5.466819E-01
  3.800000    2.213364E-02    2.760915E-04    3.563096E-04    1.383484E+00    5.804461E-01
  3.700000    2.261150E-02    2.898722E-04    3.767280E-04    1.505438E+00    6.008682E-01
  3.600000    2.317928E-02    3.075683E-04    4.031212E-04    1.664161E+00    6.246473E-01
  3.500000    2.504498E-02    3.573477E-04    4.599266E-04    1.924633E+00    6.580768E-01
  3.400000    2.650070E-02    4.017575E-04    5.411634E-04    2.485745E+00    7.131173E-01
  3.300000    2.720406E-02    4.318104E-04    5.782811E-04    2.672085E+00    7.276751E-01
  3.200000    2.927464E-02    4.846945E-04    6.594906E-04    3.175437E+00    7.605041E-01
  3.100000    3.029346E-02    5.372595E-04    7.474123E-04    3.758889E+00    7.898669E-01
  3.000000    3.422188E-02    6.431500E-04    8.953172E-04    4.605068E+00    8.215900E-01
  2.900000    3.697548E-02    7.824188E-04    1.107448E-03    5.920475E+00    8.555012E-01
  2.800000    4.163582E-02    9.776297E-04    1.423547E-03    7.990420E+00    8.887705E-01
  2.700000    5.461304E-02    1.567090E-03    2.370027E-03    1.418158E+01    9.341307E-01
  2.600000    5.965240E-02    1.751888E-03    2.700200E-03    1.654691E+01    9.430099E-01
  2.500000    7.512527E-02    3.060534E-03    4.935099E-03    3.209527E+01    9.697842E-01
  2.400000    1.090979E-01    6.239754E-03    1.086241E-02    7.695414E+01    9.871719E-01
  2.300000    3.464980E-01    3.326987E-02    5.769839E-02    4.093607E+02    9.975631E-01
  2.200000    7.783204E-01    2.097222E-03    4.855949E-03    4.555362E+01    9.785194E-01
  2.100000    8.674419E-01    4.136414E-04    1.171012E-03    1.307872E+01    9.289708E-01
  2.000000    9.110942E-01    1.135263E-04    3.913655E-04    5.026225E+00    8.340586E-01
  1.900000    9.380199E-01    5.910614E-05    2.314654E-04    3.212782E+00    7.626271E-01
  1.800000    9.566338E-01    3.399662E-05    1.479470E-04    2.137162E+00    6.812405E-01
  1.700000    9.699882E-01    1.909256E-05    9.677068E-05    1.509016E+00    6.014373E-01
  1.600000    9.796748E-01    1.080952E-05    7.843175E-05    1.830974E+00    6.467647E-01
  1.500000    9.865266E-01    6.309154E-06    4.919505E-05    1.071200E+00    5.171882E-01
  1.400000    9.913427E-01    3.581561E-06    3.402657E-05    8.241091E-01    4.517872E-01
  1.300000    9.947771E-01    2.102270E-06    2.199390E-05    4.424878E-01    3.067532E-01
  1.200000    9.970102E-01    1.074350E-06    1.600737E-05    4.769087E-01    3.229101E-01
  1.100000    9.984291E-01    5.561257E-07    1.184251E-05    5.329391E-01    3.476584E-01
  1.000000    9.992851E-01    2.342275E-07    8.168946E-06    6.669552E-01    4.001038E-01
  0.900000    9.997111E-01    9.323835E-08    3.290632E-06   -2.431013E-02   -2.491584E-02
  0.800000    9.999063E-01    3.133055E-08    2.940392E-06    6.303223E-01    3.866244E-01
  0.700000    9.999789E-01    6.590242E-09    1.357442E-06    6.452519E-01    3.921903E-01
  0.600000    9.999969E-01    9.677751E-10    5.227825E-07    6.567184E-01    3.963971E-01
  0.500000    9.999998E-01    5.957090E-11    1.043870E-07    2.492363E-01    1.995110E-01
  0.400000    1.000000E+00    0.000000E+00             NaN             NaN             NaN
  0.300000    1.000000E+00    0.000000E+00             NaN             NaN             NaN
  0.200000    1.000000E+00    0.000000E+00             NaN             NaN             NaN
  0.100000    1.000000E+00    0.000000E+00             NaN             NaN             NaN
