  2.200000    7.065689E-01    4.566235E-02    6.971777E-02    2.175011E+03    9.954234E-01
  2.212500    7.644886E-01    1.181578E-03    1.388815E-03    9.832536E+01    7.783501E-01
  2.225000    7.413616E-01    1.654962E-03    1.483423E-03    1.523589E+02    7.680971E-01
  2.237500    7.161072E-01    2.435515E-03    1.681398E-03    2.114112E+02    7.676202E-01
  2.250000    6.735414E-01    4.600197E-03    2.574569E-03    3.945136E+02    8.279168E-01
  2.250000    6.791802E-01    4.390502E-03    2.156363E-03    3.837999E+02    7.933030E-01
  2.251429    6.648077E-01    7.409207E-03    3.661557E-03    6.911733E+02    8.736054E-01
  2.252857    6.602910E-01    6.786963E-03    3.304612E-03    6.090605E+02    8.589683E-01
  2.254286    6.507611E-01    9.734640E-03    4.740510E-03    8.955623E+02    8.995543E-01
  2.255714    6.350737E-01    1.281724E-02    6.125134E-03    1.148938E+03    9.199319E-01
  2.257143    6.467164E-01    8.252458E-03    3.915431E-03    7.109143E+02    8.766824E-01
  2.258571    6.169732E-01    1.638012E-02    7.610617E-03    1.398380E+03    9.332613E-01
  2.260000    6.023867E-01    2.083083E-02    9.483849E-03    1.718572E+03    9.450118E-01
  2.261429    6.083548E-01    1.689075E-02    7.809591E-03    1.428998E+03    9.345977E-01
  2.262857    6.075087E-01    1.444392E-02    6.548686E-03    1.166139E+03    9.210197E-01
  2.264286    5.988950E-01    1.732273E-02    7.801101E-03    1.388982E+03    9.328400E-01
  2.265714    5.774786E-01    1.729958E-02    7.512626E-03    1.286312E+03    9.278662E-01
  2.267143    5.635623E-01    2.129831E-02    9.274446E-03    1.604211E+03    9.413218E-01
  2.268571    5.451914E-01    2.322133E-02    1.003903E-02    1.727690E+03    9.452861E-01
  2.270000    5.532585E-01    2.065335E-02    8.872812E-03    1.511320E+03    9.379391E-01
  2.271429    5.435299E-01    2.244817E-02    9.521250E-03    1.604120E+03    9.413187E-01
  2.272857    5.187635E-01    2.517549E-02    1.052613E-02    1.752683E+03    9.460242E-01
  2.274286    5.026842E-01    3.019298E-02    1.256339E-02    2.091250E+03    9.543640E-01
  2.275714    4.984995E-01    3.011140E-02    1.231146E-02    2.011807E+03    9.526472E-01
  2.277143    4.527317E-01    3.526833E-02    1.409816E-02    2.258339E+03    9.575973E-01
  2.278571    4.627541E-01    3.309449E-02    1.326040E-02    2.126294E+03    9.550823E-01
  2.280000    4.522595E-01    3.507086E-02    1.402154E-02    2.246175E+03    9.573774E-01
  2.281429    4.245870E-01    3.524109E-02    1.384889E-02    2.179155E+03    9.561241E-01
  2.282857    4.219517E-01    3.196387E-02    1.252153E-02    1.959162E+03    9.514366E-01
  2.284286    4.148966E-01    3.163772E-02    1.235964E-02    1.927726E+03    9.506837E-01
  2.285714    3.866884E-01    3.594032E-02    1.385355E-02    2.137259E+03    9.553025E-01
  2.287143    3.816663E-01    3.384870E-02    1.279289E-02    1.930411E+03    9.507489E-01
  2.288571    3.647953E-01    3.399650E-02    1.259883E-02    1.862433E+03    9.490429E-01
  2.290000    3.569221E-01    3.152708E-02    1.160357E-02    1.699281E+03    9.444222E-01
  2.291429    3.480776E-01    3.328499E-02    1.228507E-02    1.807235E+03    9.475681E-01
  2.292857    3.564876E-01    3.268465E-02    1.221612E-02    1.820177E+03    9.479215E-01
  2.294286    3.176788E-01    3.101688E-02    1.114446E-02    1.590136E+03    9.408332E-01
  2.295714    3.152577E-01    3.264663E-02    1.200768E-02    1.759004E+03    9.462077E-01
  2.297143    2.914178E-01    2.993068E-02    1.072875E-02    1.525222E+03    9.384699E-01
  2.298571    3.021985E-01    2.780025E-02    9.795713E-03    1.363785E+03    9.316840E-01
  2.300000    2.831455E-01    2.661538E-02    9.341891E-03    1.293064E+03    9.282158E-01
  2.301429    2.602542E-01    2.690224E-02    9.648779E-03    1.367478E+03    9.318559E-01
  2.302857    2.645878E-01    2.573993E-02    8.946768E-03    1.223752E+03    9.244572E-01
  2.304286    2.706521E-01    2.564185E-02    8.827089E-03    1.194645E+03    9.227588E-01
  2.305714    2.548833E-01    2.562161E-02    8.926136E-03    1.223739E+03    9.244564E-01
  2.307143    2.620457E-01    2.528127E-02    8.825629E-03    1.211980E+03    9.237793E-01
  2.308571    2.321191E-01    2.221245E-02    7.605080E-03    1.016525E+03    9.104364E-01
  2.310000    2.289571E-01    2.092568E-02    7.157767E-03    9.528488E+02    9.050196E-01
  2.311429    2.257238E-01    2.169046E-02    7.519710E-03    1.017808E+03    9.105392E-01
  2.312857    2.076635E-01    1.917882E-02    6.569983E-03    8.718634E+02    8.971049E-01
  2.314286    2.048251E-01    1.893177E-02    6.395783E-03    8.350263E+02    8.930511E-01
  2.315714    2.105426E-01    1.836818E-02    6.224746E-03    8.140464E+02    8.905964E-01
  2.317143    1.860200E-01    1.779617E-02    6.115077E-03    8.106709E+02    8.901908E-01
  2.318571    1.818373E-01    1.632328E-02    5.460786E-03    6.982780E+02    8.747304E-01
  2.320000    1.935089E-01    1.782741E-02    5.917259E-03    7.544754E+02    8.829691E-01
  2.320000    1.876893E-01    1.680300E-02    6.564252E-03    7.340914E+02    8.995211E-01
  2.330000    1.585446E-01    1.205864E-02    5.453403E-03    4.851623E+02    8.834589E-01
  2.340000    1.432613E-01    1.048377E-02    5.895786E-03    4.142719E+02    9.000591E-01
  2.350000    1.314055E-01    8.966350E-03    6.655555E-03    3.259417E+02    9.208909E-01
  2.360000    1.146820E-01    7.534122E-03    9.741968E-03    2.529827E+02    9.619747E-01
