  4.000000    4.065964E-02    9.352146E-04    5.941665E-04    1.046198E+00    5.112887E-01
  3.900000    4.303635E-02    1.028389E-03    6.533775E-04    1.200321E+00    5.455208E-01
  3.800000    4.334335E-02    1.100085E-03    7.111415E-04    1.382981E+00    5.803575E-01
  3.700000    4.591537E-02    1.191682E-03    7.654614E-04    1.513939E+00    6.022178E-01
  3.600000    4.557877E-02    1.216229E-03    7.956050E-04    1.631766E+00    6.200270E-01
  3.500000    4.950928E-02    1.498783E-03    9.840711E-04    2.146513E+00    6.821879E-01
  3.400000    5.173431E-02    1.560897E-03    1.026766E-03    2.266487E+00    6.938608E-01
  3.300000    5.598633E-02    1.768382E-03    1.186380E-03    2.760104E+00    7.340499E-01
  3.200000    5.821838E-02    1.915930E-03    1.324535E-03    3.250655E+00    7.647421E-01
  3.100000    6.451569E-02    2.305637E-03    1.604140E-03    4.071445E+00    8.028175E-01
  3.000000    6.949310E-02    2.789410E-03    1.967100E-03    5.181988E+00    8.382397E-01
  2.900000    7.458588E-02    3.193024E-03    2.320833E-03    6.409485E+00    8.650379E-01
  2.800000    8.723129E-02    4.408002E-03    3.244201E-03    9.279882E+00    9.027226E-01
  2.700000    1.006964E-01    5.535180E-03    4.138743E-03    1.217550E+01    9.241015E-01
  2.600000    1.136548E-01    6.728507E-03    5.227439E-03    1.613486E+01    9.416394E-01
  2.500000    1.483203E-01    1.269043E-02    1.033564E-02    3.397929E+01    9.714117E-01
  2.400000    2.276064E-01    2.727471E-02    2.360281E-02    8.316175E+01    9.881181E-01
  2.320000    4.037115E-01    4.745781E-02    4.772588E-02    1.960895E+02    9.949262E-01
  2.310000    5.513835E-01    2.568352E-02    2.470763E-02    9.685706E+01    9.897810E-01
  2.300000    4.584555E-01    4.796798E-02    4.505536E-02    1.728411E+02    9.942476E-01
  2.290000    5.315430E-01    4.005829E-02    3.907360E-02    1.556113E+02    9.936148E-01
  2.280000    6.322047E-01    1.903581E-02    2.028076E-02    8.800280E+01    9.887644E-01
  2.270000    5.733006E-01    4.951032E-02    4.981281E-02    2.047799E+02    9.951404E-01
  2.260000    6.935365E-01    1.445551E-02    1.563922E-02    6.880374E+01    9.856741E-01
  2.240000    7.039394E-01    1.520950E-02    1.685025E-02    7.596412E+01    9.870069E-01
  2.140000    8.468776E-01    1.589718E-03    2.121245E-03    1.109368E+01    9.173122E-01
  2.040000    8.961732E-01    6.701344E-04    1.030219E-03    5.987195E+00    8.568810E-01
  1.940000    9.293631E-01    3.070635E-04    5.771976E-04    3.944068E+00    7.977374E-01
  1.840000    9.500282E-01    1.581620E-04    3.326073E-04    2.364978E+00    7.028213E-01
  1.740000    9.655330E-01    8.488882E-05    2.186214E-04    1.806189E+00    6.436448E-01
  1.640000    9.763338E-01    5.108418E-05    1.484393E-04    1.266734E+00    5.588367E-01
  1.540000    9.841167E-01    3.089902E-05    1.102976E-04    1.112677E+00    5.266669E-01
  1.440000    9.895932E-01    1.860164E-05    8.276325E-05    1.008286E+00    5.020630E-01
  1.340000    9.935103E-01    1.024048E-05    5.773954E-05    8.334789E-01    4.545888E-01
  1.240000    9.962590E-01    5.955604E-06    3.860249E-05    5.248607E-01    3.442024E-01
  1.140000    9.979417E-01    2.969728E-06    2.832365E-05    6.064753E-01    3.775192E-01
  1.040000    9.989856E-01    1.463136E-06    2.373557E-05    1.077156E+00    5.185725E-01
  0.940000    9.995784E-01    5.636512E-07    1.801319E-05    1.857928E+00    6.500962E-01
  0.840000    9.998584E-01    1.836601E-07    6.904244E-06    5.631081E-01    3.602490E-01
  0.740000    9.999612E-01    4.847249E-08    3.540177E-06    5.590456E-01    3.585819E-01
  0.640000    9.999907E-01    1.154872E-08    1.690557E-06    5.136444E-01    3.393428E-01
  0.540000    9.999994E-01    7.626019E-10    3.937392E-07    3.326823E-01    2.496336E-01
  0.440000    1.000000E+00    0.000000E+00             NaN             NaN             NaN
  0.340000    1.000000E+00    0.000000E+00             NaN             NaN             NaN
  0.240000    1.000000E+00    0.000000E+00             NaN             NaN             NaN
  0.140000    1.000000E+00    0.000000E+00             NaN             NaN             NaN
  0.040000    1.000000E+00    0.000000E+00             NaN             NaN             NaN
 -0.060000    0.000000E+00    0.000000E+00             NaN             NaN             NaN
