  2.200000    7.904947E-01    4.037540E-03    2.575699E-03    2.865141E+01    7.412772E-01
  2.212500    7.654034E-01    7.271653E-03    2.756290E-03    5.788996E+01    6.740015E-01
  2.225000    7.478403E-01    1.128611E-02    3.219923E-03    9.815243E+01    6.808933E-01
  2.237500    7.255904E-01    1.329933E-02    3.020556E-03    1.118580E+02    6.360701E-01
  2.250000    6.835006E-01    2.280857E-02    4.149947E-03    1.872213E+02    6.954178E-01
  2.250000    6.848024E-01    2.271172E-02    3.643866E-03    1.894609E+02    6.545302E-01
  2.251429    6.782906E-01    2.592136E-02    4.120357E-03    2.182698E+02    6.858012E-01
  2.252857    6.849719E-01    2.053984E-02    3.203557E-03    1.546576E+02    6.073158E-01
  2.254286    6.766412E-01    2.424647E-02    3.788546E-03    1.924691E+02    6.580835E-01
  2.255714    6.725778E-01    2.340010E-02    3.632224E-03    1.809337E+02    6.440441E-01
  2.257143    6.707947E-01    2.327541E-02    3.592481E-03    1.771180E+02    6.391429E-01
  2.258571    6.693823E-01    2.359603E-02    3.596843E-03    1.745763E+02    6.358025E-01
  2.260000    6.719261E-01    2.206978E-02    3.370527E-03    1.608421E+02    6.166263E-01
  2.261429    6.609064E-01    2.530861E-02    3.832964E-03    1.877722E+02    6.525029E-01
  2.262857    6.624478E-01    2.303381E-02    3.436024E-03    1.599455E+02    6.153039E-01
  2.264286    6.515810E-01    2.696900E-02    4.040147E-03    1.979074E+02    6.643253E-01
  2.265714    6.437013E-01    2.941694E-02    4.345274E-03    2.129038E+02    6.804130E-01
  2.267143    6.390158E-01    2.914218E-02    4.192983E-03    1.971065E+02    6.634203E-01
  2.268571    6.337898E-01    3.012386E-02    4.308132E-03    2.023640E+02    6.692727E-01
  2.270000    6.423904E-01    2.741505E-02    3.968866E-03    1.853444E+02    6.495462E-01
  2.271429    6.346516E-01    2.958807E-02    4.236727E-03    1.984873E+02    6.649774E-01
  2.272857    6.251537E-01    3.046150E-02    4.237661E-03    1.914688E+02    6.569102E-01
  2.274286    6.200661E-01    3.195646E-02    4.506756E-03    2.103331E+02    6.777656E-01
  2.275714    6.104729E-01    3.308361E-02    4.536043E-03    2.047424E+02    6.718540E-01
  2.277143    6.081470E-01    3.330284E-02    4.580699E-03    2.080727E+02    6.754013E-01
  2.278571    5.927003E-01    3.701580E-02    5.063598E-03    2.337209E+02    7.003484E-01
  2.280000    5.941061E-01    3.582968E-02    4.849455E-03    2.188455E+02    6.863685E-01
  2.281429    5.985144E-01    3.317318E-02    4.566040E-03    2.074259E+02    6.747184E-01
  2.282857    5.925520E-01    3.536086E-02    4.759431E-03    2.123899E+02    6.798873E-01
  2.284286    5.842422E-01    3.705316E-02    4.987751E-03    2.250073E+02    6.923146E-01
  2.285714    5.803992E-01    3.594183E-02    4.736799E-03    2.056994E+02    6.728813E-01
  2.287143    5.736057E-01    3.715302E-02    4.796932E-03    2.036839E+02    6.707102E-01
  2.288571    5.600357E-01    3.936141E-02    5.058474E-03    2.162738E+02    6.838182E-01
  2.290000    5.695087E-01    3.693851E-02    4.789942E-03    2.044140E+02    6.715000E-01
  2.291429    5.596344E-01    3.922915E-02    5.050186E-03    2.162967E+02    6.838412E-01
  2.292857    5.566032E-01    3.908688E-02    4.955654E-03    2.073540E+02    6.746422E-01
  2.294286    5.556937E-01    3.859351E-02    4.932845E-03    2.082502E+02    6.755882E-01
  2.295714    5.555626E-01    3.747590E-02    4.827765E-03    2.047418E+02    6.718533E-01
  2.297143    5.393950E-01    4.020874E-02    5.002874E-03    2.049639E+02    6.720923E-01
  2.298571    5.315009E-01    4.258224E-02    5.327800E-03    2.230406E+02    6.904414E-01
  2.300000    5.266083E-01    4.185161E-02    5.068071E-03    2.013814E+02    6.681946E-01
  2.301429    5.209918E-01    4.319513E-02    5.324391E-03    2.188222E+02    6.863455E-01
  2.302857    5.055290E-01    4.547972E-02    5.532381E-03    2.256552E+02    6.929268E-01
  2.304286    5.068820E-01    4.363465E-02    5.152494E-03    1.992088E+02    6.657853E-01
  2.305714    5.075397E-01    4.407360E-02    5.334431E-03    2.144586E+02    6.819931E-01
  2.307143    4.974052E-01    4.545408E-02    5.412941E-03    2.140302E+02    6.815593E-01
  2.308571    4.981551E-01    4.347171E-02    5.097505E-03    1.948322E+02    6.608240E-01
  2.310000    4.979605E-01    4.358896E-02    5.360884E-03    2.200575E+02    6.875562E-01
  2.311429    4.912917E-01    4.329512E-02    5.141404E-03    2.000832E+02    6.667591E-01
  2.312857    4.892561E-01    4.353276E-02    5.139356E-03    1.985198E+02    6.650139E-01
  2.314286    4.771445E-01    4.441639E-02    5.195618E-03    1.989379E+02    6.654824E-01
  2.315714    4.755978E-01    4.328586E-02    5.054615E-03    1.917631E+02    6.572561E-01
  2.317143    4.625270E-01    4.467608E-02    5.148401E-03    1.930130E+02    6.587182E-01
  2.318571    4.687794E-01    4.288199E-02    5.032612E-03    1.919201E+02    6.574405E-01
  2.320000    4.590990E-01    4.442267E-02    5.086701E-03    1.885765E+02    6.534715E-01
  2.320000    4.616174E-01    4.468052E-02    5.881407E-03    1.929987E+02    7.018168E-01
  2.330000    4.218280E-01    4.560024E-02    7.034928E-03    1.955843E+02    7.534520E-01
  2.340000    3.902095E-01    4.305812E-02    8.066902E-03    1.763168E+02    7.930881E-01
  2.350000    3.510109E-01    4.105755E-02    1.028094E-02    1.631432E+02    8.535129E-01
  2.360000    3.386905E-01    3.982693E-02    1.725818E-02    1.481592E+02    9.367726E-01
