  2.200000    7.925012E-01    1.467104E-02    4.522304E-03    2.354884E+01    7.019271E-01
  2.212500    7.686236E-01    2.237480E-02    4.296737E-03    4.277667E+01    6.043894E-01
  2.225000    7.560848E-01    2.451096E-02    3.435990E-03    4.052269E+01    4.683475E-01
  2.237500    7.433717E-01    2.508921E-02    2.777328E-03    3.246997E+01    3.365811E-01
  2.250000    7.236890E-01    2.865246E-02    2.588756E-03    2.969513E+01    2.658588E-01
  2.250000    7.283563E-01    2.759443E-02    2.306945E-03    2.899746E+01    2.247910E-01
  2.251429    7.241962E-01    2.930013E-02    2.329111E-03    2.583521E+01    2.053098E-01
  2.252857    7.187506E-01    2.896348E-02    2.289356E-03    2.412008E+01    1.943286E-01
  2.254286    7.145386E-01    3.147753E-02    2.441695E-03    2.757866E+01    2.161698E-01
  2.255714    7.138446E-01    3.186670E-02    2.467383E-03    2.825212E+01    2.202858E-01
  2.257143    7.146594E-01    3.048349E-02    2.403411E-03    2.761602E+01    2.163993E-01
  2.258571    7.088098E-01    3.204575E-02    2.482437E-03    2.876731E+01    2.234054E-01
  2.260000    7.099121E-01    3.201839E-02    2.498036E-03    2.982846E+01    2.297529E-01
  2.261429    7.043231E-01    3.350376E-02    2.510380E-03    2.704514E+01    2.128782E-01
  2.262857    7.025214E-01    3.403572E-02    2.545137E-03    2.795563E+01    2.184791E-01
  2.264286    7.038855E-01    3.191631E-02    2.382967E-03    2.287584E+01    1.861704E-01
  2.265714    6.966296E-01    3.452805E-02    2.563233E-03    2.794063E+01    2.183875E-01
  2.267143    6.968707E-01    3.289783E-02    2.535356E-03    3.003324E+01    2.309659E-01
  2.268571    6.983234E-01    3.416148E-02    2.601684E-03    3.115819E+01    2.375619E-01
  2.270000    6.906506E-01    3.582895E-02    2.648114E-03    3.016765E+01    2.317600E-01
  2.271429    6.836761E-01    3.724016E-02    2.682587E-03    2.915092E+01    2.257120E-01
  2.272857    6.903815E-01    3.470268E-02    2.608953E-03    3.033954E+01    2.327731E-01
  2.274286    6.858649E-01    3.560848E-02    2.586803E-03    2.697211E+01    2.124255E-01
  2.275714    6.887201E-01    3.418693E-02    2.498497E-03    2.479242E+01    1.986693E-01
  2.277143    6.821600E-01    3.611580E-02    2.624193E-03    2.810059E+01    2.193635E-01
  2.278571    6.740515E-01    3.803111E-02    2.764089E-03    3.228578E+01    2.440609E-01
  2.280000    6.725226E-01    3.830449E-02    2.743622E-03    3.049312E+01    2.336761E-01
  2.281429    6.723242E-01    3.708885E-02    2.628968E-03    2.632856E+01    2.084133E-01
  2.282857    6.713940E-01    3.763763E-02    2.668312E-03    2.748378E+01    2.155865E-01
  2.284286    6.721875E-01    3.860984E-02    2.718646E-03    2.840925E+01    2.212399E-01
  2.285714    6.645300E-01    3.916087E-02    2.752710E-03    2.925534E+01    2.263376E-01
  2.287143    6.656189E-01    3.823179E-02    2.636537E-03    2.447374E+01    1.966177E-01
  2.288571    6.608136E-01    3.942337E-02    2.741513E-03    2.808843E+01    2.192894E-01
  2.290000    6.635034E-01    3.896229E-02    2.698558E-03    2.655594E+01    2.098356E-01
  2.291429    6.531464E-01    4.109553E-02    2.795950E-03    2.791554E+01    2.182342E-01
  2.292857    6.495770E-01    4.268438E-02    2.913301E-03    3.144448E+01    2.392225E-01
  2.294286    6.500739E-01    4.087380E-02    2.854871E-03    3.167476E+01    2.405530E-01
  2.295714    6.441779E-01    4.341397E-02    2.918530E-03    3.036349E+01    2.329140E-01
  2.297143    6.389545E-01    4.437036E-02    2.962439E-03    3.101506E+01    2.367290E-01
  2.298571    6.478583E-01    4.006309E-02    2.689073E-03    2.393002E+01    1.930930E-01
  2.300000    6.388831E-01    4.241838E-02    2.781153E-03    2.468884E+01    1.980036E-01
  2.301429    6.362921E-01    4.325016E-02    2.932654E-03    3.145051E+01    2.392574E-01
  2.302857    6.296191E-01    4.410262E-02    2.894291E-03    2.780006E+01    2.175278E-01
  2.304286    6.315881E-01    4.451298E-02    2.963688E-03    3.082362E+01    2.356120E-01
  2.305714    6.283685E-01    4.500763E-02    2.933310E-03    2.830504E+01    2.206074E-01
  2.307143    6.307141E-01    4.337316E-02    2.814595E-03    2.481190E+01    1.987943E-01
  2.308571    6.283197E-01    4.419029E-02    2.828473E-03    2.415445E+01    1.945516E-01
  2.310000    6.235986E-01    4.475136E-02    2.971357E-03    3.080970E+01    2.355307E-01
  2.311429    6.154773E-01    4.694774E-02    3.048985E-03    3.110653E+01    2.372615E-01
  2.312857    6.133917E-01    4.612124E-02    2.914375E-03    2.543099E+01    2.027489E-01
  2.314286    6.114307E-01    4.699717E-02    2.996717E-03    2.826719E+01    2.203774E-01
  2.315714    6.079218E-01    4.730604E-02    2.985822E-03    2.719180E+01    2.137858E-01
  2.317143    6.028821E-01    4.789370E-02    3.028036E-03    2.841581E+01    2.212797E-01
  2.318571    6.048639E-01    4.629402E-02    2.935986E-03    2.626812E+01    2.080344E-01
  2.320000    6.017078E-01    4.707382E-02    2.983141E-03    2.743336E+01    2.152761E-01
  2.320000    5.953812E-01    4.903971E-02    3.488087E-03    3.398872E+01    2.930347E-01
  2.330000    5.881383E-01    4.815403E-02    3.862864E-03    3.297951E+01    3.400668E-01
  2.340000    5.594280E-01    5.214454E-02    5.035294E-03    4.112485E+01    4.720221E-01
  2.350000    5.533632E-01    5.131592E-02    6.675901E-03    4.576119E+01    6.203966E-01
  2.360000    5.278479E-01    5.413688E-02    1.208708E-02    5.026870E+01    8.340764E-01
