  4.000000    8.407471E-02    4.049925E-03    1.287652E-03    1.176910E+00    5.406334E-01
  3.900000    8.418701E-02    4.138139E-03    1.322652E-03    1.231594E+00    5.518897E-01
  3.800000    8.836792E-02    4.497825E-03    1.432710E-03    1.369278E+00    5.779305E-01
  3.700000    9.146667E-02    4.802173E-03    1.544338E-03    1.534261E+00    6.054077E-01
  3.600000    9.549011E-02    5.204267E-03    1.685025E-03    1.734669E+00    6.343251E-01
  3.500000    9.829651E-02    5.480799E-03    1.805086E-03    1.935074E+00    6.592931E-01
  3.400000    1.004773E-01    5.734025E-03    1.940248E-03    2.189149E+00    6.864367E-01
  3.300000    1.107922E-01    6.775990E-03    2.299910E-03    2.697488E+00    7.295461E-01
  3.200000    1.127594E-01    7.071289E-03    2.405760E-03    2.852479E+00    7.404269E-01
  3.100000    1.292511E-01    9.067386E-03    3.108426E-03    3.864745E+00    7.944394E-01
  3.000000    1.368317E-01    9.729308E-03    3.348871E-03    4.221445E+00    8.084821E-01
  2.900000    1.499408E-01    1.232252E-02    4.371004E-03    5.850720E+00    8.540299E-01
  2.800000    1.660138E-01    1.552523E-02    5.619983E-03    7.832819E+00    8.867859E-01
  2.700000    2.237122E-01    2.457318E-02    9.238691E-03    1.372720E+01    9.320984E-01
  2.600000    2.440002E-01    2.716101E-02    1.058921E-02    1.640991E+01    9.425615E-01
  2.500000    3.125940E-01    3.387019E-02    1.370593E-02    2.221744E+01    9.569289E-01
  2.400000    4.437207E-01    5.848161E-02    2.616310E-02    4.744233E+01    9.793569E-01
  2.320000    5.884253E-01    4.973784E-02    2.498366E-02    5.090261E+01    9.807331E-01
  2.310000    5.773541E-01    5.498530E-02    2.693477E-02    5.354304E+01    9.816659E-01
  2.300000    6.520752E-01    4.053210E-02    2.064297E-02    4.256309E+01    9.770448E-01
  2.290000    6.984662E-01    3.078013E-02    1.605497E-02    3.380115E+01    9.712653E-01
  2.280000    6.678790E-01    3.785820E-02    1.963108E-02    4.119544E+01    9.763008E-01
  2.270000    7.165375E-01    3.208748E-02    1.777745E-02    3.984256E+01    9.755157E-01
  2.260000    7.297198E-01    2.184495E-02    1.169985E-02    2.516667E+01    9.617834E-01
  2.240000    7.348242E-01    3.118793E-02    1.729225E-02    3.877140E+01    9.748563E-01
  2.140000    8.486725E-01    6.472844E-03    4.371672E-03    1.159372E+01    9.205953E-01
  2.040000    8.977173E-01    2.893422E-03    2.275573E-03    6.830432E+00    8.722931E-01
  1.940000    9.314746E-01    1.040526E-03    9.538395E-04    3.081441E+00    7.549885E-01
  1.840000    9.493774E-01    6.942170E-04    7.202452E-04    2.560733E+00    7.191589E-01
  1.740000    9.651184E-01    3.475937E-04    4.317187E-04    1.696291E+00    6.291201E-01
  1.640000    9.757739E-01    2.207086E-04    3.324492E-04    1.551121E+00    6.080155E-01
  1.540000    9.839539E-01    1.239300E-04    2.213892E-04    1.119930E+00    5.282864E-01
  1.440000    9.896759E-01    6.886156E-05    1.561556E-04    9.504349E-01    4.872938E-01
  1.340000    9.936456E-01    4.165011E-05    1.151336E-04    8.036118E-01    4.455570E-01
  1.240000    9.960864E-01    2.472296E-05    9.489566E-05    9.919432E-01    4.979776E-01
  1.140000    9.980090E-01    1.104458E-05    6.087242E-05    8.742070E-01    4.664410E-01
  1.040000    9.989685E-01    5.857395E-06    4.779847E-05    1.097656E+00    5.232774E-01
  0.940000    9.995667E-01    2.241403E-06    2.473175E-05    6.177629E-01    3.818624E-01
  0.840000    9.998761E-01    6.224646E-07    1.212501E-05    4.674072E-01    3.185259E-01
  0.740000    9.999597E-01    1.997929E-07    7.314273E-06    5.967869E-01    3.737423E-01
  0.640000    9.999927E-01    3.656738E-08    2.724374E-06    3.313802E-01    2.488998E-01
  0.540000    9.999988E-01    6.102014E-09    8.628505E-07   -2.441452E-04   -2.442048E-04
  0.440000    1.000000E+00    0.000000E+00             NaN             NaN             NaN
  0.340000    1.000000E+00    0.000000E+00             NaN             NaN             NaN
  0.240000    1.000000E+00    0.000000E+00             NaN             NaN             NaN
  0.140000    1.000000E+00    0.000000E+00             NaN             NaN             NaN
  0.040000    1.000000E+00    0.000000E+00             NaN             NaN             NaN
 -0.060000    0.000000E+00    0.000000E+00             NaN             NaN             NaN
